((("data.reps" .
   [1 0 0 0 0 0 0 0 0])
  ("asDouble" .
   [1 0 0 0 0 0 0 0])
  ("sp.kappa" .
   [1 0 0 0 0 0 0 0])
  ("sqrt" .
   [1 0 0 0])
  ("sp.alpha" .
   [2 0 0 0 0 0 0 0])
  ("sp.var" .
   [1 0 0 0 0 0])
  ("gp.iid" .
   [1 0 0 0 0 0])
  ("sp.field.sim.strat" .
   [0 0 0 0 0 0 0 1 0 1 0 0 1 0 0 0 0 0])
  ("grid" .
   [1 0 0 0])
  ("RFsimulate" .
   [0 0 0 0 0 1 0 0 0 0])
  ("nu" .
   [1 0])
  ("subset_shape" .
   [1 0 0 0 0 0 0 0 0 0 0 0])
  ("gaul_list" .
   [1 0 0 0 0 0 0 0 0])
  ("ad1_shape" .
   [2 0 0 0 0 0 0 0 1])
  ("units" .
   [1 0 0 0 0])
  ("dev.off" .
   [3 0 0 0 0 0 0])
  ("height" .
   [1 0 0 0 0 0])
  ("width" .
   [1 0 0 0 0])
  ("png" .
   [2 0 0])
  ("replace" .
   [1 0 0 0 0 0 0])
  ("ID" .
   [1 0])
  ("size" .
   [1 0 0 0])
  ("viridis" .
   [3 0 0 0 0 0 0])
  ("sample" .
   [1 0 0 0 0 0])
  ("fold" .
   [2 0 0 0])
  ("simple_polygon" .
   [1 0 0 0 0 0 0 0 0 0 0 0 1 2])
  ("holdouts" .
   [1 0 0 0 0 0 0 0])
  ("hold" .
   [1 0 0 0])
  ("ho" .
   [1 0])
  ("..." .
   [1 0 0])
  ("gsub" .
   [1 0 0 0])
  ("gaul_vec" .
   [2 0 0 0 0 0 0 0])
  ("test_med" .
   [1 0 0 0 0 0 0 0])
  ("saveRDS" .
   [1 0 0 0 0 0 0])
  ("test" .
   [4 0 0 0])
  ("stop" .
   [1 0 0 0])
  ("message" .
   [5 0 0 0 0 0 0])
  ("i" .
   [4])
  ("model_fit" .
   [1 0 0 0 0 0 0 0 0])
  ("model" .
   [3 0 0 0 0])
  ("ctry_re_prior_params" .
   [0 0 0 0 1 0 0 0 0 0 0 0 0 0 0 0 0 0 0 0])
  ("nug_prior_params" .
   [1 0 0 0 0 0 0 0 0 0 0 0 0 0 0 0])
  ("names.fixed" .
   [1 0 0 0 0 0 0 0 0 0 0])
  ("source" .
   [1 0 0 0 0 0])
  ("l_idx_int" .
   [2 0 0 0 0 0 0 0 0])
  ("l_idx" .
   [3 0 0 0 0])
  ("fixed_effects" .
   [0 0 0 0 0 0 0 0 0 1 0 0 0])
  ("as.logical" .
   [0 0 0 0 1 0 0 0 0 0])
  ("child_model_names" .
   [1 0 0 0 0 0 0 0 0 0 0 0 0 0 0 0 0])
  ("child" .
   [1 0 0 0 0])
  ("all_fixed_effects" .
   [0 0 0 0 0 0 0 0 0 0 0 0 1 0 0 0 0])
  ("all" .
   [5 0 0])
  ("nchar" .
   [2 0 0 0 0])
  ("use_gp" .
   [1 0 0 0 0 0])
  ("use_raw_covs" .
   [1 0 0 0 0 0 0 0 0 0 0 0])
  ("use_stacking_covs" .
   [1 0 0 0 0 0 0 0 1 1 0 0 0 0 0 0 0])
  ("s" .
   [6])
  ("true" .
   [1 0 0 0])
  ("CoV" .
   [1 0 0])
  ("hoid.pvtable" .
   [0 0 0 0 0 0 2 1 0 0 0 0])
  ("hoid" .
   [1 0 0 0])
  ("plot" .
   [10 0 0 0])
  ("pv" .
   [1 0])
  ("all.rfs" .
   [1 0 0 0 0 0 0])
  ("run" .
   [3 0 0])
  ("get.country.corr" .
   [0 0 0 0 0 0 0 0 0 0 0 1 0 0 0 0])
  ("s.rd" .
   [1 0 0 0])
  ("mean_cov" .
   [1 0 0 0 0 0 0 0])
  ("var_phat" .
   [1 0 0 0 0 0 0 0])
  ("mean_phat" .
   [1 0 0 0 0 0 0 0 0])
  ("mean" .
   [4 0 0 0])
  ("cov" .
   [3 0 0])
  ("var" .
   [4 0 0])
  ("function" .
   [5 0 0 0 0 0 0 0])
  ("n.pred" .
   [4 0 0 0 0 0])
  ("rd" .
   [3 0])
  ("adm" .
   [1 0 0])
  ("ad2" .
   [1 0 0])
  ("ad1" .
   [6 0 0])
  ("list" .
   [6 0 0 0])
  ("return" .
   [2 0 0 0 0 0])
  ("electric-operator-mode" .
   [0 0 1 0 0 0 0 0 0 0 0 0 0 0 0 0 0 0 0 0 0 0])
  ("electric-pair-mode" .
   [0 0 0 1 0 0 0 0 0 0 0 0 0 0 0 0 0 0])
  ("require" .
   [2 0 0 1 0 0 1])
  ("indicator_group" .
   [1 0 0 0 0 2 0 0 0 2 1 0 0 0 1])
  ("run_date" .
   [2 0 0 1 0 2 1 1])
  ("length" .
   [7 0 0 0 0 0])
  ("indicators" .
   [1 0 0 0 0 0 0 0 0 0])
  ("run_dates" .
   [1 0 0 0 0 0 0 0 0])
  ("sprintf" .
   [8 0 0 1 0 1 0])
  ("indicator" .
   [4 0 0 0 0 1 0 0 0])
  ("brick" .
   [1 0 0 0 0])
  ("mod_dir" .
   [1 0 0 0 0 0 0])
  ("and" .
   [4 0 0])
  ("the" .
   [5 0 0])
  ("Big" .
   [1 0 0])
  ("mapping" .
   [4 0 0 0 0 0 0])
  ("mortality" .
   [1 0 0 0 0 0 0 0 0])
  ("leading" .
   [1 0 0 0 0 0 0])
  ("causes" .
   [1 0 0 0 0 0])
  ("This" .
   [2 0 0 0])
  ("work" .
   [3 0 0 0])
  ("Africa" .
   [2 0 0 0 0 0])
  ("The" .
   [1 0 0])
  ("current" .
   [1 0 0 0 0 0 0])
  ("challenges" .
   [1 0 0 0 0 0 0 0 0 0])
  ("that" .
   [1 0 0 0])
  ("out" .
   [0 0 1])
  ("this" .
   [1 0 0 0])
  ("age" .
   [1 0 0])
  ("Institute" .
   [2 0 0 0 0 0 0 0 0])
  ("Health" .
   [2 0 0 0 0 0])
  ("Metrics" .
   [1 0 0 0 0 0 0])
  ("Evaluation" .
   [1 0 0 0 0 0 0 0 0 0])
  ("uselogit" .
   [1 0 0 1 1 0 1 2])
  ("FALSE" .
   [13 0 0 0 0])
  ("if" .
   [15 0])
  ("aroc" .
   [18 0 0 0])
  ("m" .
   [3])
  ("aroc_mat" .
   [5 0 0 0 0 0 0 0])
  ("a" .
   [4])
  ("log" .
   [12 0 0])
  ("draws" .
   [3 0 0 0 0])
  ("cell" .
   [11 0 0 0])
  ("c" .
   [5])
  ("cell_pred" .
   [7 0 0 0 0 0 0 0 0])
  ("l" .
   [2])
  ("p" .
   [5])
  ("cell_pred_logit" .
   [3 0 0 0 0 0 0 0 0 0 0 0 0 0 0])
  ("else" .
   [7 0 0 0])
  ("proj" .
   [3 0 0 0])
  ("final" .
   [2 0 0 0 0])
  ("final_year" .
   [2 0 0 0 0 0 0 0 0 0])
  ("exp" .
   [4 0 0])
  ("pred" .
   [2 0 0 0])
  ("ncol" .
   [3 0 0 0])
  ("use" .
   [7 0 0])
  ("gp" .
   [1 0])
  ("res" .
   [10 0 0])
  ("res_fit" .
   [3 0 0 0 0 0 0])
  ("total.r" .
   [2 0 0 0 0 0 0])
  ("rows.to.adjust" .
   [0 0 0 0 0 1 0 0 0 0 0 0 0 0])
  ("si.fig.dir" .
   [2 0 0 0 0 0 0 0 0 0])
  ("na.rm" .
   [1 0 0 0 0])
  ("TRUE" .
   [9 0 0 0])
  ("intercept" .
   [0 0 0 0 0 1 0 0 1])
  ("r" .
   [2])
  ("summary" .
   [1 0 0 0 0 0 0])
  ("fixed" .
   [3 0 0 0 0])
  ("res.mat" .
   [2 0 0 0 0 0 0])
  ("na.omit" .
   [2 0 0 0 0 1 0])
  ("gg.is.1" .
   [1 0 0 0 0 0 0])
  ("tmp.s" .
   [1 0 0 0 0])
  ("aroc_proj_in_logit" .
   [0 0 0 0 0 0 0 0 0 0 0 0 1 0 0 0 0 0])
  ("new.aroc" .
   [1 0 0 0 0 0 0 0])
  ("make" .
   [2 0 0 0])
  ("make_aroc" .
   [1 0 0 0 0 0 0 0 0])
  ("ind" .
   [8 0 0])
  ("ind_gp" .
   [1 0 0 0 0 0])
  ("matrix" .
   [3 0 0 0 0 0])
  ("matrix_pred" .
   [1 0 0 0 0 0 0 0 0 0 0])
  ("matrix_pred_name" .
   [1 0 0 0 0 0 0 0 0 0 0 0 0 0 0 0])
  ("type" .
   [1 0 0 0])
  ("measure" .
   [1 0 0 0 0 0 0])
  ("skip" .
   [1 0 0 0])
  ("skip_cols" .
   [1 0 0 0 0 0 0 0 0])
  ("NULL" .
   [4 0 0 0])
  ("year" .
   [6 0 0 0])
  ("year_list" .
   [6 0 0 0 0 0 0 0 0])
  ("raked" .
   [2 0 0 0 0])
  ("make_proj" .
   [1 0 0 0 0 0 0 0 0])
  ("paste" .
   [2 0 0 0 0])
  ("paste0" .
   [5 0 0 0 0 0])
  ("reg" .
   [1 0 0])
  ("raked_cell_pred.RDs" .
   [1 0 0 0 0 0 0 0 0 0 0 0 0 0 0 0 0 0 0])
  ("ctry" .
   [20 0 0 0])
  ("values" .
   [1 0 0 0 0 0])
  ("simple" .
   [6 0 0 0 0 0])
  ("simple_raster" .
   [2 0 0 0 0 0 0 0 0 0 0 0 0])
  ("idx" .
   [1 0 0])
  ("regions" .
   [1 0 0 0 0 0 0])
  ("ii" .
   [1 0])
  ("sort" .
   [1 0 0 0])
  ("unique" .
   [1 0 0 0 0 0])
  ("ctry_idx" .
   [4 0 0 0 0 0 0 0])
  ("aroc_vec" .
   [2 0 0 0 0 0 0 0])
  ("rep" .
   [3 0 0])
  ("NA" .
   [2 0])
  ("nrow" .
   [5 0 0 0])
  ("ctry_vec" .
   [7 0 0 0 0 0 0 0])
  ("for" .
   [7 0 0])
  ("in" .
   [6 0])
  ("all_ctrys" .
   [2 0 0 0 0 0 0 0 0])
  ("which" .
   [7 0 0 0 0])
  ("aroc_weights" .
   [4 0 0 0 0 0 0 0 0 0 0 0])
  ("gaul" .
   [6 0 0 0])
  ("gaul_convert" .
   [1 0 0 0 0 0 0 0 0 0 0 0])
  ("country" .
   [2 0 0 0 0 0 0])
  ("from" .
   [1 0 0 0])
  ("weighting" .
   [10 0 1 0 0 0 0 0 0])
  ("colnames" .
   [4 0 0 0 0 0 0 0])
  ("emp_wts" .
   [1 0 0 0 0 0 0])
  ("ctry_gaul" .
   [3 0 0 0 0 0 0 0 0])
  ("aroc_weight_gauls" .
   [1 0 0 0 0 0 0 0 0 0 0 0 0 0 0 0 1])
  ("ctry_wt" .
   [2 0 0 0 0 0 0])
  ("exp_wt" .
   [1 0 0 0 0 0])
  ("exp_weights" .
   [0 0 0 0 0 0 0 1 0 0 0])
  ("as.vector" .
   [0 0 0 0 0 0 1 0 0])
  ("as.numeric" .
   [1 0 0 0 0 0 0 0 0 0])
  ("ctry_ids" .
   [1 0 0 0 0 0 0 0])
  ("so" .
   [1 0])
  ("get" .
   [5 0 0])
  ("get_sp_hierarchy" .
   [0 0 0 0 0 0 0 0 0 0 0 0 0 0 0 2])
  ("weighting_res" .
   [2 0 0 0 0 0 0 0 0 0 0 2 0])
  ("admin" .
   [3 0 0 0 0])
  ("admin_0" .
   [1 0 0 0 0 0 0])
  ("ADM0" .
   [8 0 0 0])
  ("ADM0_CODE" .
   [5 0 0 0 0 0 3 0 1])
  ("aa" .
   [13 0])
  ("with" .
   [4 0 0 0])
  ("admins" .
   [1 0 0 0 0 0])
  ("ADM" .
   [6 0 0])
  ("sp_aa" .
   [3 0 0 0 0])
  ("merge" .
   [2 0 0 0 0])
  ("Aaron" .
   [1 0 0 0 0])
  ("aa_vec" .
   [3 0 0 0 0 0])
  ("order" .
   [1 0 0 0 0])
  ("all.y" .
   [1 0 0 0 0])
  ("weighting_type" .
   [1 0 0 0 0 0 0 0 0 0 0 0 1 0])
  ("exponential" .
   [1 0 0 0 0 0 0 0 0 0 0])
  ("pow" .
   [1 0 0])
  ("mult_emp_exp" .
   [1 0 0 0 0 0 0 0 0 0 0 0])
  ("is.na" .
   [2 0 0 0 0])
  ("aroc_draws" .
   [1 0 0 0 0 0 0 0 0 0])
  ("input" .
   [1 0 0 0 0])
  ("input_data" .
   [1 0 0 0 0 0 0 0 0 0])
  ("read.csv" .
   [2 0 0 0 0 0 0 0])
  ("seq" .
   [1 0 0])
  ("INP" .
   [1 0 0])
  ("ad0c" .
   [2 0 0 0])
  ("ad2c" .
   [2 0 0 0])
  ("sp.df" .
   [3 0 0 0 0])
  ("as.data.table" .
   [0 0 0 0 0 0 0 0 0 0 0 0 1])
  ("setkey" .
   [1 0 0 0 0 0])
  ("ADM2" .
   [3 0 0 0])
  ("ADM2_CODE" .
   [1 0 0 0 0 0 0 0 0])
  ("IH" .
   [17 0])
  ("IL" .
   [18 0])
  ("beta" .
   [10 0 0 0])
  ("gamma" .
   [8 0 0 0 0])
  ("nH" .
   [12 0])
  ("SH" .
   [5 0])
  ("SL" .
   [5 0])
  ("d" .
   [2])
  ("dIH" .
   [1 0 0])
  ("dIL" .
   [1 0 0])
  ("simulate" .
   [1 0 0 0 0 0 0 0])
  ("Time" .
   [0 0 0 1])
  ("g" .
   [2])
  ("data.frame" .
   [0 0 0 0 0 0 0 0 0 1])
  ("max.t" .
   [2 0 0 0 0])
  ("n" .
   [1])
  ("new" .
   [2 0 0])
  ("diff" .
   [1 0 0 0])
  ("diff_eqs" .
   [1 0 0 0 0 0 0 0])
  ("sim" .
   [7 0 0])
  ("de_sim" .
   [1 0 0 0 0 0])
  ("byrow" .
   [1 0 0 0 0])
  ("par" .
   [2 0 0])
  ("mfrow" .
   [2 0 0 0 0])
  ("pts" .
   [1 0 0])
  ("pch" .
   [1 0 0])
  ("lines" .
   [1 0 0 0 0])
  ("col" .
   [2 0 0])
  ("data" .
   [4 0 0 0])
  ("dat" .
   [20 0 0])
  ("ylim" .
   [1 0 0 0])
  ("base" .
   [3 0 0 0])
  (".1" .
   [1 0])
  ("range" .
   [1 0 0 0 0])
  ("scale" .
   [13 0 0 0 0])
  ("ceiling" .
   [1 0 0 0 0 0 0])
  ("ND" .
   [1 0])
  ("name" .
   [1 0 0 0])
  ("sp" .
   [3 0])
  ("ff" .
   [4 0])
  ("setwd" .
   [1 0 0 0 0])
  ("list.files" .
   [1 0 0 0 0 0 0 0 0 0])
  ("by.x" .
   [1 0 0 0])
  ("by.y" .
   [1 0 0 0])
  ("eval" .
   [2 0 0 0])
  ("sep" .
   [2 0 0])
  ("all.x" .
   [1 0 0 0 0])
  ("merged2" .
   [7 0 0 0 0 0 0])
  ("t" .
   [1])
  ("merged" .
   [3 0 0 0 0 0])
  ("merged0" .
   [6 0 0 0 0 0 0])
  ("merged1" .
   [4 0 0 0 0 0 0])
  ("ADM0_NAME" .
   [1 0 0 0 0 0 0 0 0])
  ("ADM1" .
   [2 0 0 0])
  ("ADM1_NAME" .
   [1 0 0 0 0 0 0 0 0])
  ("rbind" .
   [1 0 0 0 0])
  ("write.csv" .
   [1 0 0 0 0 0 0 0 0])
  ("file" .
   [2 0 0 0])
  ("rownames" .
   [1 0 0 0 0 0 0 0])
  ("row." .
   [1 0 0 0])
  ("fit" .
   [1 0 0])
  ("fit_with_tmb" .
   [0 0 0 0 0 0 0 0 0 0 1 0])
  ("subset" .
   [2 0 0 0 0 0])
  ("all_tv" .
   [1 0 0 0 0 0])
  ("f" .
   [1])
  ("rast" .
   [1 0 0 0])
  ("raster" .
   [1 0 0 0 0 0])
  ("rast.m" .
   [2 0 0 0 0 0])
  ("rast.l" .
   [1 0 0 0 0 0])
  ("summstats" .
   [2 0 0 0 0 0 0 0 0])
  ("parse" .
   [2 0 0 0 0])
  ("text" .
   [1 0 0 0])
  ("Epsilon_s" .
   [3 0 0 0 0 0 0 0 0])
  ("epsilon_s" .
   [4 0 0 0 0 0 0 0 0])
  ("num_t" .
   [1 0 0 0 0])
  ("num_z" .
   [1 0 0 0 0])
  ("Q_ss" .
   [1 0 0 0])
  ("dbinom_robust" .
   [0 0 0 0 0 0 0 1 0 0 0 0 0])
  ("PARAMETER_ARRAY" .
   [0 0 0 0 0 0 0 0 0 0 1 0 0 0 0])
  ("shapefile" .
   [8 0 0 0 0 0 0 0 0])
  ("shapefile_version" .
   [4 0 0 0 0 0 0 0 0 0 0 0 0 0 3 0 1])
  ("ad" .
   [3 0])
  ("st" .
   [1 0])
  ("st_read" .
   [1 0 0 0 0 0 0])
  ("get_admin_shapefile" .
   [0 0 0 0 0 0 0 0 0 0 0 0 0 0 0 0 0 0 1])
  ("admin_level" .
   [1 0 0 0 0 0 0 0 0 0 1])
  ("version" .
   [1 0 0 0 0 0 0])
  ("train.dat" .
   [1 0 0 0 0 0 0 0 0])
  ("pixels" .
   [2 0 0 0 0 0])
  ("sapply" .
   [1 0 0 0 0 0])
  ("lapply" .
   [1 0 0 0 0 0])
  ("unlist" .
   [1 0 0 0 0 0])
  ("num.yrs" .
   [1 0 0 0 0 0 0])
  ("xlab" .
   [1 0 0 0])
  ("ylab" .
   [1 0 0 0])
  ("print" .
   [1 0 0 0 0])
  ("with.space" .
   [1 0 0 0 0 1 0 0 0 0])
  ("with.ctry.re" .
   [0 0 0 0 0 0 1 0 0 0 0 0])
  ("ADmap_list" .
   [0 0 0 4 0 0 0 1 0 0])
  ("Init.ctry.re" .
   [0 0 0 0 0 0 2 0 0 0 0 0])
  ("tmp.list" .
   [1 0 0 0 0 0 0 0])
  ("Init.space" .
   [1 0 0 0 0 0 0 0 0 0])
  ("bMI" .
   [1 0 0])
  ("uMI" .
   [1 0 0])
  ("opt0" .
   [2 0 0 0])
  ("Data" .
   [2 0 0 0])
  ("uI" .
   [3 0])
  ("Init" .
   [2 0 0 0])
  ("comp" .
   [1 0 0 0])
  ("lower" .
   [1 0 0 0 0])
  ("upper" .
   [1 0 0 0 0])
  ("rnorm" .
   [1 0 0 1 0])
  ("Sigma" .
   [4 0 0 0 0])
  ("logsigma" .
   [1 0 0 0 0 0 1 0])
  ("sd" .
   [1 0])
  ("SD0" .
   [2 0 0])
  ("cov.fixed" .
   [0 0 0 0 0 1 1 0 0])
  ("mu" .
   [1 0])
  ("par.fixed" .
   [0 0 0 0 0 0 1 0 0])
  ("apply" .
   [1 0 0 0 0])
  ("tmb" .
   [1 0 0])))
